,County,totalcountconfirmed,totalcountdeaths,newcountconfirmed,newcountdeaths,date,Rank,Population,%_pop_new_cases,%_pop_total_cases
119,Alameda,8615.0,154.0,227,2,2020-07-15,7,1671329,0.013582005697262478,0.515458057629587
227,Alpine,1.0,0.0,0,0,2020-07-15,58,1129,0.0,0.08857395925597875
347,Amador,44.0,0.0,0,0,2020-07-15,46,39752,0.0,0.11068625477963373
467,Butte,420.0,4.0,38,0,2020-07-15,28,219186,0.01733687370543739,0.1916180777969396
587,Calaveras,75.0,0.0,1,0,2020-07-15,44,45905,0.0021784119376974187,0.16338089532730637
707,Colusa,135.0,0.0,7,0,2020-07-15,50,21547,0.032487121176961994,0.626537336984267
827,Contra Costa,5246.0,92.0,136,0,2020-07-15,9,1153526,0.011789937981458588,0.45477951949067463
947,Del Norte,60.0,0.0,0,0,2020-07-15,49,27812,0.0,0.21573421544656982
1067,El Dorado,339.0,0.0,15,0,2020-07-15,29,192843,0.007778348189978376,0.1757906690935113
1187,Fresno,9124.0,91.0,183,0,2020-07-15,10,999101,0.018316466503386544,0.9132209856661139
1307,Glenn,184.0,0.0,7,0,2020-07-15,48,28393,0.024653964005212557,0.6480470538513015
1427,Humboldt,181.0,4.0,6,0,2020-07-15,35,135558,0.0044261496923825965,0.133522182386875
1547,Imperial,7110.0,148.0,15,7,2020-07-15,30,181215,0.00827746047512623,3.923516265209834
1667,Inyo,36.0,1.0,1,0,2020-07-15,52,18039,0.0055435445423803985,0.19956760352569433
1787,Kern,7155.0,98.0,176,0,2020-07-15,11,900202,0.01955116740464918,0.7948216067060504
1907,Kings,2906.0,40.0,39,0,2020-07-15,33,152940,0.02550019615535504,1.900091539165686
2026,Lake,122.0,1.0,2,0,2020-07-15,41,64386,0.0031062653371851023,0.18948218556829124
2146,Lassen,319.0,0.0,56,0,2020-07-15,47,30573,0.1831681549079253,1.0434043109933602
2266,Los Angeles,143343.0,3932.0,2711,38,2020-07-15,1,10039107,0.02700439391670992,1.4278461221700296
2386,Madera,1147.0,10.0,29,1,2020-07-15,32,157327,0.018432945393988317,0.7290547712725725
2506,Marin,3458.0,28.0,7,0,2020-07-15,26,258826,0.002704519638676176,1.3360327015060312
2626,Mariposa,34.0,1.0,2,0,2020-07-15,53,17203,0.011625879207115037,0.19763994652095565
2746,Mendocino,119.0,0.0,9,0,2020-07-15,38,86749,0.010374759363220326,0.13717737380257986
2866,Merced,2156.0,15.0,72,2,2020-07-15,24,277680,0.02592912705272256,0.7764333045231921
2970,Modoc,0.0,0.0,0,0,2020-07-15,56,8841,0.0,0.0
3090,Mono,52.0,1.0,4,0,2020-07-15,54,14444,0.027693159789531983,0.3600110772639158
3210,Monterey,2780.0,18.0,56,0,2020-07-15,21,434061,0.012901412474283568,0.6404629764019343
3330,Napa,573.0,4.0,16,0,2020-07-15,34,137744,0.011615750958299455,0.4159890811940992
3450,Nevada,185.0,1.0,5,0,2020-07-15,36,99755,0.005012280086211217,0.18545436318981506
3570,Orange,27718.0,455.0,803,22,2020-07-15,3,3175692,0.025285827466895405,0.872817641005488
3690,Placer,1145.0,11.0,23,0,2020-07-15,22,398329,0.005774121392115562,0.28745082582488346
3810,Plumas,16.0,0.0,2,0,2020-07-15,51,18807,0.010634338278300633,0.08507470622640506
3930,Riverside,28492.0,577.0,642,24,2020-07-15,4,2470546,0.025986158525281453,1.1532673344272886
4050,Sacramento,6217.0,92.0,239,1,2020-07-15,8,1552058,0.015398909061388171,0.40056492734163285
4170,San Benito,388.0,2.0,28,0,2020-07-15,42,62808,0.04458030824098841,0.6177556999108393
4290,San Bernardino,21508.0,310.0,1019,1,2020-07-15,5,2180085,0.046741296784299696,0.9865670375237662
4410,San Diego,21448.0,448.0,561,12,2020-07-15,2,3338330,0.016804809590423953,0.6424769270862977
4530,San Francisco,4757.0,50.0,98,0,2020-07-15,12,881549,0.011116795549651805,0.5396183309152413
4650,San Joaquin,7381.0,73.0,238,0,2020-07-15,15,762148,0.031227530610852487,0.9684470732718579
4770,San Luis Obispo,1097.0,6.0,37,1,2020-07-15,23,283111,0.013069078912511346,0.38748052883851214
4890,San Mateo,4258.0,114.0,85,0,2020-07-15,14,766573,0.011088311224110425,0.5554591669677904
5010,Santa Barbara,4733.0,31.0,92,0,2020-07-15,20,446499,0.020604749394735486,1.0600247704922072
5130,Santa Clara,6900.0,173.0,214,3,2020-07-15,6,1927852,0.01110043717048819,0.3579112919456473
5250,Santa Cruz,660.0,3.0,21,0,2020-07-15,25,273213,0.007686310680677713,0.24156976424987098
5370,Shasta,193.0,6.0,3,0,2020-07-15,31,180080,0.0016659262549977788,0.10717458907152377
5489,Sierra,1.0,0.0,0,0,2020-07-15,57,3005,0.0,0.033277870216306155
5609,Siskiyou,38.0,0.0,0,0,2020-07-15,45,43539,0.0,0.08727807253267186
5729,Solano,2343.0,31.0,77,0,2020-07-15,19,447643,0.01720120721199706,0.5234081623079105
5849,Sonoma,1920.0,16.0,54,0,2020-07-15,17,494336,0.010923744174003106,0.38839979285344384
5969,Stanislaus,5777.0,61.0,146,4,2020-07-15,16,550660,0.026513638179638976,1.0491047107107834
6089,Sutter,433.0,4.0,28,0,2020-07-15,37,96971,0.028874611997401288,0.4465252498169556
6209,Tehama,126.0,1.0,3,0,2020-07-15,40,65084,0.004609427816360395,0.19359596828713663
6329,Trinity,2.0,0.0,0,0,2020-07-15,55,12285,0.0,0.016280016280016282
6449,Tulare,6320.0,153.0,121,0,2020-07-15,18,466195,0.025954804320080654,1.3556558950653697
6569,Tuolumne,68.0,0.0,0,0,2020-07-15,43,54478,0.0,0.12482102867212452
6689,Ventura,5087.0,53.0,137,0,2020-07-15,13,846006,0.016193738578686202,0.6012959718961804
6809,Yolo,1002.0,29.0,36,0,2020-07-15,27,220500,0.0163265306122449,0.45442176870748296
6929,Yuba,221.0,3.0,11,0,2020-07-15,39,78668,0.013982813850612702,0.2809274419077643
